177.744861 59.5263
177.49325 59.5979
177.416722 59.5821
177.429833 59.6021
177.169972 59.6062
177.030889 52.5333
177.114972 52.5462
177.162472 52.5484
177.034167 52.5308
177.526639 52.5588
177.984972 54.2021
177.836667 54.2362
177.65325 54.3321
177.626639 54.3396
177.617389 54.3266
177.605833 54.3491
177.497556 54.3967
177.409083 54.5142
177.450861 54.6083
177.495889 54.6316
177.479222 54.6591
177.534083 54.7317
177.508278 54.7413
177.351583 54.7529
177.226722 54.7062
177.086583 54.7079
177.036611 54.7804
177.073278 54.7529
177.342444 54.8083
177.264056 54.8341
177.273306 54.9171
177.503333 54.9104
177.521583 54.9262
177.489139 54.8559
177.539194 54.845
177.498278 54.8213
177.404139 54.815
177.455028 54.7929
177.546667 54.7987
177.560778 54.7775
177.527472 54.76
177.608306 54.7587
177.665806 54.6983
177.703361 54.6887
177.991667 54.6804
177.399 -87.8407
177.556 -94.087
177.566 -94.0618
177.307 -94.0698
177.011 -94.0165
177.005472 -49.8442
177.012083 -49.7433
177.097083 -49.6459
177.076667 -49.6355
177.029972 -49.6504
177.021278 -49.2642
177.04375 -49.2017
177.191694 -49.1229
177.415833 -49.0671
177.438361 -49.0363
177.431222 -49.0601
177.42 -49.0671
177.4875 -49.0463
177.4775 -49.0588
177.716667 -49.0562
177.824972 -49.0796
177.841639 -49.0604
177.874583 -49.0876
177.82375 -49.1633
177.8675 -49.2679
177.91375 -49.2225
177.927861 -49.1725
177.918333 -49.0879
177.890417 -49.0392
177.904528 -48.8892
177.922056 -48.8675
177.912083 -48.8317
177.928778 -48.79
177.974556 -48.7584
177.936194 -48.745
177.938722 -48.7167
177.922056 -48.7025
177.940833 -48.7154
177.975028 -48.6829
177.983361 -47.5396
177.998722 -47.5709
177.951639 -47.6196
177.896639 -47.6138
177.866278 -47.6559
177.877444 -47.6754
177.859972 -47.6587
177.8175 -47.6588
177.794972 -47.6813
177.729944 -47.6804
177.726722 -47.7154
177.672083 -47.74
177.685389 -47.7617
177.65375 -47.7883
177.667917 -47.8025
177.619972 -47.8088
177.608778 -47.8384
177.589556 -47.84
177.593333 -47.8554
177.628306 -47.8687
177.590028 -47.8629
177.531639 -47.923
177.418306 -47.9804
177.275 -47.9929
177.280028 -48.0088
177.267556 -47.9929
177.213389 -47.9921
177.194194 -48.0046
177.203361 -47.9913
177.156639 -47.9888
177.165472 -48.0075
177.141222 -48.0225
177.151639 -48.0454
177.123389 -48.0204
177.105778 -48.023
177.112528 -48.0063
177.09 -48.0196
177.092528 -47.998
177.071722 -47.9971
177.069194 -48.0154
177.062111 -48.0042
177.070806 -47.9813
177.143333 -47.9854
177.044972 -47.9646
177.017528 -47.9363
177.010444 -47.9417
177.974139 -27.4062
177.960028 -27.4254
177.905833 -27.4196
177.889972 -27.4313
177.895806 -27.4154
177.857472 -27.4021
177.8425 -27.4321
177.825833 -27.4354
177.813778 -27.4259
177.828722 -27.4126
177.821694 -27.373
177.801639 -27.3979
177.770028 -27.3954
177.757056 -27.4142
177.764611 -27.4359
177.7475 -27.4487
177.732556 -27.4421
177.730861 -27.4571
177.707528 -27.4346
177.680806 -27.4446
177.680806 -27.4604
177.659944 -27.4463
177.655861 -27.4663
177.650806 -27.4521
177.614167 -27.4529
177.620417 -27.4641
177.601694 -27.4862
177.536722 -27.5237
177.521639 -27.5071
177.500389 -27.5467
177.505472 -27.5742
177.471639 -27.5621
177.479583 -27.5792
177.466639 -27.5954
177.4075 -27.6438
177.38875 -27.6367
177.384611 -27.6517
177.402944 -27.6642
177.385417 -27.6617
177.390417 -27.6792
177.425444 -27.6883
177.426278 -27.7259
177.442944 -27.7275
177.428778 -27.7309
177.437889 -27.7592
177.421667 -27.7713
177.394167 -27.7654
177.386694 -27.7813
177.384222 -27.7671
177.369556 -27.77
177.377083 -27.8225
177.336667 -27.8563
177.278278 -27.8596
177.254583 -27.8875
177.281278 -27.915
177.24625 -27.9584
177.265417 -27.97
177.262083 -27.9967
177.297083 -28.0226
177.291222 -28.0367
177.312889 -28.0425
177.322111 -28.0601
177.31125 -28.0558
177.30625 -28.0834
177.344139 -28.1238
177.429167 -28.1338
177.465889 -28.1705
177.527472 -28.1746
177.521694 -28.1604
177.530028 -28.1771
177.549139 -28.1696
177.592556 -28.1846
177.603306 -28.1746
177.608333 -28.1879
177.839167 -28.2396
177.838361 -28.2546
177.863306 -28.2646
177.876639 -28.2513
177.898333 -28.2771
177.941694 -28.2704
177.944194 -28.2562
177.959194 -28.2688
177.976667 -28.2529
177.9925 -28.2696
177.994972 -29.1079
177.960389 -29.1108
177.95875 -29.1375
177.978306 -29.1404
177.975833 -29.1538
177.999139 -29.1404
177.994972 -29.1079
177.547472 41.9991
177.592444 42.0067
177.590889 42.0191
177.645806 42.0433
177.635778 42.065
177.674139 42.0809
177.667472 42.1117
177.604944 42.1362
177.542472 42.1033
177.550833 42.0841
177.502472 42.0508
177.484167 41.9842
177.37 41.9771
177.3225 41.9425
177.330833 41.9317
177.229944 41.9087
177.199167 41.8942
177.204139 41.8783
177.226583 41.8829
177.325 41.8279
177.337472 41.8908
177.386667 41.9229
177.454944 41.9387
177.444194 41.9241
177.473306 41.9096
177.474972 41.9363
177.495 41.9288
177.500028 41.9387
177.551611 41.9121
177.560028 41.9296
177.607417 41.9242
177.61075 41.9525
177.546639 41.9562
177.527472 41.9716
177.546667 41.9821
177.579167 41.975
177.554972 41.9954
177.547472 41.9991
177.007944 -22.5034
177.0325 -22.5221
177.052528 -22.5096
177.120806 -22.5279
177.139583 -22.5175
177.141306 -22.4992
177.080056 -22.4788
177.041694 -22.5063
177.027472 -22.4904
177.007944 -22.4992
177.007944 -22.5034
177.197111 -27.16
177.219972 -27.1687
177.231667 -27.1321
177.241694 -27.1521
177.292944 -27.1059
177.302528 -27.0671
177.272528 -27.1029
177.252889 -27.09
177.259972 -27.0704
177.240028 -27.0837
177.197111 -27.1592
177.197111 -27.16
177.444611 -26.8409
177.503333 -26.8313
177.492917 -26.8209
177.502111 -26.8042
177.518306 -26.8096
177.538778 -26.7725
177.571222 -26.7608
177.598722 -26.7025
177.573333 -26.6954
177.587917 -26.7117
177.57375 -26.735
177.469139 -26.8287
177.449194 -26.8129
177.444583 -26.8367
177.444611 -26.8409
177.607083 -28.5159
177.646278 -28.5916
177.663333 -28.5988
177.645389 -28.5417
177.656278 -28.5117
177.6325 -28.4871
177.607083 -28.5134
177.607083 -28.5159
177.389583 -26.9225
177.413333 -26.9337
177.41375 -26.9042
177.447083 -26.9017
177.4475 -26.8521
177.426278 -26.8667
177.419972 -26.8929
177.399583 -26.8892
177.389583 -26.9217
177.389583 -26.9225
177.102056 -27.2759
177.104583 -27.3234
177.125833 -27.3104
177.136694 -27.3254
177.15125 -27.2675
177.102056 -27.2742
177.102056 -27.2759
177.332889 -26.965
177.3575 -26.9812
177.350444 -26.9567
177.365 -26.9629
177.366278 -26.9408
177.345861 -26.9388
177.332889 -26.9633
177.332889 -26.965
177.152861 -27.7425
177.165806 -27.7613
177.198722 -27.765
177.186639 -27.7346
177.152861 -27.7417
177.152861 -27.7425
177.620778 41.955
177.65 41.9412
177.7075 41.9491
177.648278 41.9587
177.645 41.9729
177.620861 41.9591
177.620778 41.955
177.33625 -27.0059
177.357083 -26.9892
177.311194 -27.0142
177.315 -27.0338
177.33625 -27.0083
177.33625 -27.0059
177.125389 -27.3392
177.129972 -27.3554
177.155417 -27.3542
177.146667 -27.3313
177.125389 -27.3375
177.125389 -27.3392
177.171278 -47.52
177.198722 -47.53
177.187472 -47.513
177.171278 -47.5192
177.171278 -47.52
177.29125 -16.1117
177.314583 -16.1167
177.29125 -16.1092
177.29125 -16.1117
177.192083 -27.7842
177.213361 -27.7629
177.192083 -27.7834
177.192083 -27.7842
177.995806 -28.388
177.091222 -27.6175
177.107889 -27.6159
177.099972 -27.6054
177.091222 -27.6167
177.091222 -27.6175
177.376278 -26.97
177.388333 -26.9546
177.376278 -26.9692
177.376278 -26.97
177.360444 -26.93
177.373278 -26.9163
177.360444 -26.9292
177.360444 -26.93
177.140389 -27.3775
177.157083 -27.3759
177.144111 -27.3612
177.140389 -27.3759
177.140389 -27.3775
177.102083 -27.6725
177.126222 -27.68
177.102083 -27.6709
177.102083 -27.6725
177.8645 -49.305
177.865389 -49.3042
177.8725 -49.2788
177.8645 -49.305
177.373722 -26.95
177.391222 -26.945
177.377083 -26.9467
177.373722 -26.95
177.157861 -17.2942
177.170806 -17.2971
177.172889 -17.2842
177.157861 -17.2925
177.157861 -17.2942
177.055417 -27.5826
177.07625 -27.6001
177.056694 -27.5813
177.055417 -27.5826
177.625861 54.6983
177.661611 54.6962
177.6562 54.7078
177.625722 54.6992
177.625861 54.6983
177.995028 54.2229
177.995028 54.2229
177.262944 -27.4858
177.276667 -27.4996
177.264167 -27.4846
177.262944 -27.4858
177.184639 -27.1934
177.197083 -27.2009
177.190861 -27.1796
177.184639 -27.1917
177.184639 -27.1934
177.47375 -26.8558
177.489583 -26.85
177.473778 -26.8534
177.47375 -26.8558
177.734556 -27.3942
177.748694 -27.3909
177.734528 -27.3917
177.734556 -27.3942
177.466222 -27.5458
177.477944 -27.5384
177.466222 -27.545
177.466222 -27.5458
177.04375 -27.5917
177.054528 -27.595
177.04375 -27.5908
177.04375 -27.5917
177.43875 -27.5925
177.451222 -27.5842
177.438722 -27.5892
177.43875 -27.5925
177.822056 -27.3684
177.835417 -27.3725
177.822056 -27.3675
177.822056 -27.3684
177.158722 -17.2508
177.166694 -17.2621
177.158722 -17.2484
177.158722 -17.2508
177.132944 -27.7334
177.14875 -27.7333
177.134194 -27.7321
177.132944 -27.7334
177.070361 -47.9867
177.087944 -47.9933
177.070361 -47.9858
177.070361 -47.9867
177.638722 -27.4475
177.648778 -27.4492
177.638722 -27.4458
177.638722 -27.4475
177.048778 -27.4583
177.057917 -27.4617
177.049139 -27.4579
177.048778 -27.4583
177.565389 -26.6842
177.574194 -26.6929
177.565833 -26.6838
177.565389 -26.6842
177.459583 -26.7967
177.468694 -26.8009
177.460028 -26.7962
177.459583 -26.7967
177.359583 -27.83
177.366667 -27.8129
177.359556 -27.8283
177.359583 -27.83
177.003889 -48.8167
177.002778 -48.775
177.029722 -48.7733
177.056667 -48.7483
177.081111 -48.7603
177.085833 -48.7194
177.115 -48.7528
177.163611 -48.7536
177.145 -48.8161
177.073056 -48.8058
177.056944 -48.7908
177.005556 -48.825
177.003889 -48.8167
177.644167 52.6683
177.684167 52.6703
177.681944 52.6275
177.585833 52.6056
177.540833 52.6444
177.633611 52.6725
177.644167 52.6683
