237.271
237.091
236.999
237.032
236.776
229.564
229.661
229.711
229.565
230.085
232.187
232.073
231.985
231.966
231.944
231.955
231.894
231.923
232.059
232.127
232.138
232.266
232.25
232.104
231.933
231.794
231.817
231.826
232.151
232.098
232.19
232.414
232.448
232.345
232.384
232.32
232.219
232.248
232.345
232.338
232.287
232.367
232.364
232.392
232.672
89.5583
83.469
83.5042
83.2372
82.9945
127.161
127.269
127.451
127.441
127.38
127.757
127.842
128.069
128.349
128.402
128.371
128.353
128.441
128.419
128.66
128.745
128.781
128.787
128.66
128.6
128.691
128.755
128.83
128.851
129.015
129.055
129.08
129.139
129.216
129.191
129.222
129.22
129.225
129.292
130.444
130.428
130.332
130.283
130.21
130.202
130.201
130.159
130.114
130.05
130.011
129.932
129.924
129.865
129.865
129.811
129.77
129.75
129.738
129.76
129.727
129.609
129.438
129.282
129.271
129.275
129.221
129.19
129.212
129.168
129.158
129.119
129.106
129.103
129.083
129.106
129.07
129.095
129.075
129.054
129.058
129.09
129.158
129.08
129.081
129.069
150.568
150.535
150.486
150.459
150.48
150.455
150.41
150.39
150.388
150.416
150.449
150.404
150.375
150.343
150.329
150.299
150.29
150.274
150.273
150.236
150.22
150.214
150.19
150.199
150.161
150.156
150.115
150.013
150.015
149.954
149.931
149.91
149.9
149.871
149.764
149.752
149.733
149.739
149.724
149.711
149.737
149.7
149.715
149.698
149.679
149.65
149.629
149.605
149.617
149.6
149.555
149.48
149.419
149.367
149.366
149.288
149.295
149.265
149.274
149.255
149.27
149.262
149.255
149.223
149.22
149.295
149.295
149.353
149.361
149.353
149.38
149.408
149.429
149.42
149.6
149.584
149.599
149.625
149.621
149.671
149.688
149.69
149.724
149.723
148.887
148.85
148.821
148.838
148.822
148.859
148.887
219.547
219.599
219.61
219.689
219.701
219.755
219.779
219.741
219.646
219.635
219.553
219.468
219.347
219.265
219.263
219.139
219.093
219.082
219.109
219.153
219.228
219.31
219.394
219.368
219.383
219.411
219.424
219.439
219.464
219.49
219.532
219.563
219.503
219.499
219.529
219.554
219.55
219.547
154.505
154.51
154.543
154.593
154.622
154.642
154.601
154.535
154.537
154.509
154.505
150.037
150.051
150.1
150.09
150.187
150.235
150.17
150.163
150.19
150.156
150.038
150.037
150.604
150.672
150.672
150.698
150.709
150.766
150.81
150.896
150.878
150.876
150.839
150.64
150.636
150.608
150.604
149.091
149.055
149.065
149.104
149.145
149.145
149.094
149.091
150.467
150.48
150.51
150.545
150.595
150.56
150.527
150.51
150.468
150.467
149.826
149.781
149.815
149.811
149.884
149.828
149.826
150.368
150.376
150.394
150.402
150.425
150.407
150.37
150.368
149.41
149.405
149.434
149.452
149.411
149.41
219.576
219.591
219.657
219.607
219.618
219.58
219.576
150.33
150.368
150.297
150.281
150.328
150.33
149.786
149.775
149.801
149.815
149.788
149.786
129.651
129.669
129.674
129.652
129.651
161.18
161.198
161.182
161.18
149.408
149.45
149.409
149.408
149.608
149.474
149.492
149.495
149.475
149.474
150.406
150.434
150.407
150.406
150.43
150.457
150.431
150.43
149.763
149.781
149.783
149.764
149.763
149.43
149.446
149.431
149.43
128.559
128.561
128.594
128.559
150.424
150.446
150.43
150.424
159.864
159.874
159.889
159.865
159.864
149.473
149.476
149.475
149.473
232.324
232.358
232.364
232.325
232.324
232.218
232.218
149.777
149.777
149.78
149.777
149.991
149.996
150.011
149.993
149.991
150.618
150.64
150.62
150.618
150.34
150.358
150.343
150.34
149.92
149.94
149.921
149.92
149.452
149.46
149.453
149.452
149.846
149.867
149.85
149.846
150.454
150.463
150.455
150.454
159.908
159.905
159.91
159.908
149.4
149.415
149.402
149.4
129.084
129.095
129.085
129.084
150.191
150.2
150.193
150.191
149.59
149.596
149.591
149.59
150.881
150.881
150.882
150.881
150.663
150.668
150.664
150.663
149.53
149.554
149.531
149.53
128.187
128.228
128.256
128.308
128.321
128.366
128.362
128.41
128.329
128.267
128.266
128.181
128.187
230.312
230.354
230.309
230.191
230.185
230.306
230.312
