69.52625
69.597861
69.582056
69.602083
69.606222
62.533278
62.546222
62.548361
62.530833
62.55875
64.202056
64.236194
64.332056
64.339611
64.326639
64.349139
64.396667
64.514167
64.608278
64.631611
64.659139
64.731667
64.741278
64.752889
64.70625
64.707917
64.780417
64.752889
64.808306
64.834139
64.917111
64.910389
64.926222
64.855861
64.844972
64.82125
64.814972
64.792889
64.79875
64.7775
64.76
64.758722
64.698306
64.688722
64.680417
-77.8407
-84.087
-84.0618
-84.0698
-84.0165
-39.844222
-39.743333
-39.645861
-39.635472
-39.650417
-39.264194
-39.201722
-39.122944
-39.067111
-39.036278
-39.060056
-39.067111
-39.04625
-39.058778
-39.05625
-39.079611
-39.060444
-39.087556
-39.163333
-39.267889
-39.2225
-39.1725
-39.087944
-39.039194
-38.889194
-38.8675
-38.831694
-38.790028
-38.758361
-38.745028
-38.716694
-38.702528
-38.715417
-38.682944
-37.539611
-37.570861
-37.619556
-37.61375
-37.655889
-37.675417
-37.658722
-37.658806
-37.681278
-37.680444
-37.715417
-37.740028
-37.761694
-37.788306
-37.8025
-37.80875
-37.838361
-37.84
-37.855417
-37.86875
-37.862944
-37.922972
-37.980417
-37.992917
-38.008778
-37.992944
-37.992083
-38.004611
-37.991306
-37.988806
-38.0075
-38.022472
-38.045417
-38.020444
-38.022972
-38.00625
-38.019611
-37.997972
-37.997111
-38.015444
-38.004167
-37.98125
-37.985444
-37.964556
-37.93625
-37.941694
-17.40625
-17.425444
-17.419611
-17.431278
-17.415417
-17.402083
-17.432111
-17.435444
-17.425861
-17.412556
-17.372972
-17.397917
-17.395444
-17.414194
-17.435861
-17.448722
-17.442083
-17.457111
-17.434583
-17.444611
-17.460444
-17.446278
-17.466278
-17.452111
-17.452917
-17.464139
-17.48625
-17.52375
-17.507083
-17.546694
-17.574167
-17.562139
-17.579167
-17.595444
-17.643778
-17.636694
-17.651694
-17.664222
-17.661667
-17.679167
-17.688333
-17.725861
-17.7275
-17.730861
-17.759194
-17.771278
-17.765417
-17.781278
-17.767111
-17.77
-17.8225
-17.856278
-17.859583
-17.8875
-17.915028
-17.958361
-17.970028
-17.996667
-18.022556
-18.036694
-18.0425
-18.060056
-18.055833
-18.083389
-18.123778
-18.133778
-18.170472
-18.174611
-18.160389
-18.177083
-18.169611
-18.184583
-18.174611
-18.187917
-18.239611
-18.254611
-18.264583
-18.251278
-18.277111
-18.270417
-18.256222
-18.268778
-18.252917
-18.269583
-19.107944
-19.110833
-19.137528
-19.140444
-19.153778
-19.140389
-19.107944
51.999139
52.006667
52.019139
52.043333
52.064972
52.080861
52.111667
52.136222
52.103333
52.084111
52.050833
51.984167
51.977056
51.942472
51.931667
51.908722
51.894167
51.878333
51.882917
51.827889
51.890806
51.922917
51.938722
51.924139
51.909583
51.93625
51.92875
51.938722
51.912111
51.929583
51.924167
51.952472
51.956194
51.971639
51.982056
51.975
51.995389
51.999139
-12.503361
-12.522083
-12.509611
-12.527917
-12.5175
-12.499194
-12.478778
-12.506278
-12.490444
-12.499167
-12.503361
-17.16
-17.16875
-17.132139
-17.152083
-17.105861
-17.067111
-17.102917
-17.090028
-17.070444
-17.083722
-17.159194
-17.16
-16.840861
-16.83125
-16.820889
-16.804167
-16.809639
-16.7725
-16.760833
-16.702528
-16.695444
-16.711694
-16.734972
-16.82875
-16.812944
-16.836667
-16.840861
-18.515861
-18.591639
-18.598778
-18.541667
-18.511667
-18.487139
-18.513389
-18.515861
-16.922528
-16.93375
-16.904194
-16.901694
-16.852111
-16.866667
-16.892917
-16.889167
-16.921667
-16.922528
-17.275861
-17.323361
-17.310444
-17.325417
-17.2675
-17.274194
-17.275861
-16.965
-16.98125
-16.956694
-16.962944
-16.940833
-16.938806
-16.963333
-16.965
-17.742528
-17.761278
-17.765028
-17.734639
-17.741722
-17.742528
51.954972
51.941222
51.949111
51.958722
51.972889
51.959139
51.954972
-17.005861
-16.989194
-17.014167
-17.033806
-17.008333
-17.005861
-17.339194
-17.355444
-17.354167
-17.331278
-17.337472
-17.339194
-37.520028
-37.53
-37.512972
-37.519167
-37.520028
-6.111694
-6.116667
-6.109222
-6.111694
-17.784222
-17.762889
-17.783361
-17.784222
-18.387972
-17.6175
-17.615889
-17.605444
-17.616694
-17.6175
-16.969972
-16.954583
-16.969167
-16.969972
-16.93
-16.91625
-16.929194
-16.93
-17.377528
-17.375861
-17.361222
-17.375861
-17.377528
-17.672528
-17.680028
-17.670861
-17.672528
-39.305
-39.304194
-39.278778
-39.305
-16.95
-16.944972
-16.946667
-16.95
-7.294194
-7.297139
-7.284194
-7.292528
-7.294194
-17.582556
-17.600056
-17.581278
-17.582556
64.698306
64.696222
64.707848
64.699167
64.698306
64.222889
64.222889
-17.485833
-17.499583
-17.484583
-17.485833
-17.193361
-17.200861
-17.179639
-17.191694
-17.193361
-16.855833
-16.85
-16.853361
-16.855833
-17.394194
-17.390889
-17.391667
-17.394194
-17.545833
-17.538361
-17.544972
-17.545833
-17.591667
-17.595
-17.590806
-17.591667
-17.592528
-17.584222
-17.589194
-17.592528
-17.368389
-17.3725
-17.367528
-17.368389
-7.250833
-7.262083
-7.248361
-7.250833
-17.733361
-17.733333
-17.732083
-17.733361
-37.986694
-37.993333
-37.985833
-37.986694
-17.4475
-17.449194
-17.445833
-17.4475
-17.458333
-17.461667
-17.457944
-17.458333
-16.684194
-16.692917
-16.683806
-16.684194
-16.796694
-16.800861
-16.796222
-16.796694
-17.83
-17.812944
-17.828333
-17.83
-38.816667
-38.775
-38.773333
-38.748333
-38.760278
-38.719444
-38.752778
-38.753611
-38.816111
-38.805833
-38.790833
-38.825
-38.816667
62.668333
62.670278
62.6275
62.605556
62.644444
62.6725
62.668333
