177.744861
177.49325
177.416722
177.429833
177.169972
177.030889
177.114972
177.162472
177.034167
177.526639
177.984972
177.836667
177.65325
177.626639
177.617389
177.605833
177.497556
177.409083
177.450861
177.495889
177.479222
177.534083
177.508278
177.351583
177.226722
177.086583
177.036611
177.073278
177.342444
177.264056
177.273306
177.503333
177.521583
177.489139
177.539194
177.498278
177.404139
177.455028
177.546667
177.560778
177.527472
177.608306
177.665806
177.703361
177.991667
177.399
177.556
177.566
177.307
177.011
177.005472
177.012083
177.097083
177.076667
177.029972
177.021278
177.04375
177.191694
177.415833
177.438361
177.431222
177.42
177.4875
177.4775
177.716667
177.824972
177.841639
177.874583
177.82375
177.8675
177.91375
177.927861
177.918333
177.890417
177.904528
177.922056
177.912083
177.928778
177.974556
177.936194
177.938722
177.922056
177.940833
177.975028
177.983361
177.998722
177.951639
177.896639
177.866278
177.877444
177.859972
177.8175
177.794972
177.729944
177.726722
177.672083
177.685389
177.65375
177.667917
177.619972
177.608778
177.589556
177.593333
177.628306
177.590028
177.531639
177.418306
177.275
177.280028
177.267556
177.213389
177.194194
177.203361
177.156639
177.165472
177.141222
177.151639
177.123389
177.105778
177.112528
177.09
177.092528
177.071722
177.069194
177.062111
177.070806
177.143333
177.044972
177.017528
177.010444
177.974139
177.960028
177.905833
177.889972
177.895806
177.857472
177.8425
177.825833
177.813778
177.828722
177.821694
177.801639
177.770028
177.757056
177.764611
177.7475
177.732556
177.730861
177.707528
177.680806
177.680806
177.659944
177.655861
177.650806
177.614167
177.620417
177.601694
177.536722
177.521639
177.500389
177.505472
177.471639
177.479583
177.466639
177.4075
177.38875
177.384611
177.402944
177.385417
177.390417
177.425444
177.426278
177.442944
177.428778
177.437889
177.421667
177.394167
177.386694
177.384222
177.369556
177.377083
177.336667
177.278278
177.254583
177.281278
177.24625
177.265417
177.262083
177.297083
177.291222
177.312889
177.322111
177.31125
177.30625
177.344139
177.429167
177.465889
177.527472
177.521694
177.530028
177.549139
177.592556
177.603306
177.608333
177.839167
177.838361
177.863306
177.876639
177.898333
177.941694
177.944194
177.959194
177.976667
177.9925
177.994972
177.960389
177.95875
177.978306
177.975833
177.999139
177.994972
177.547472
177.592444
177.590889
177.645806
177.635778
177.674139
177.667472
177.604944
177.542472
177.550833
177.502472
177.484167
177.37
177.3225
177.330833
177.229944
177.199167
177.204139
177.226583
177.325
177.337472
177.386667
177.454944
177.444194
177.473306
177.474972
177.495
177.500028
177.551611
177.560028
177.607417
177.61075
177.546639
177.527472
177.546667
177.579167
177.554972
177.547472
177.007944
177.0325
177.052528
177.120806
177.139583
177.141306
177.080056
177.041694
177.027472
177.007944
177.007944
177.197111
177.219972
177.231667
177.241694
177.292944
177.302528
177.272528
177.252889
177.259972
177.240028
177.197111
177.197111
177.444611
177.503333
177.492917
177.502111
177.518306
177.538778
177.571222
177.598722
177.573333
177.587917
177.57375
177.469139
177.449194
177.444583
177.444611
177.607083
177.646278
177.663333
177.645389
177.656278
177.6325
177.607083
177.607083
177.389583
177.413333
177.41375
177.447083
177.4475
177.426278
177.419972
177.399583
177.389583
177.389583
177.102056
177.104583
177.125833
177.136694
177.15125
177.102056
177.102056
177.332889
177.3575
177.350444
177.365
177.366278
177.345861
177.332889
177.332889
177.152861
177.165806
177.198722
177.186639
177.152861
177.152861
177.620778
177.65
177.7075
177.648278
177.645
177.620861
177.620778
177.33625
177.357083
177.311194
177.315
177.33625
177.33625
177.125389
177.129972
177.155417
177.146667
177.125389
177.125389
177.171278
177.198722
177.187472
177.171278
177.171278
177.29125
177.314583
177.29125
177.29125
177.192083
177.213361
177.192083
177.192083
177.995806
177.091222
177.107889
177.099972
177.091222
177.091222
177.376278
177.388333
177.376278
177.376278
177.360444
177.373278
177.360444
177.360444
177.140389
177.157083
177.144111
177.140389
177.140389
177.102083
177.126222
177.102083
177.102083
177.8645
177.865389
177.8725
177.8645
177.373722
177.391222
177.377083
177.373722
177.157861
177.170806
177.172889
177.157861
177.157861
177.055417
177.07625
177.056694
177.055417
177.625861
177.661611
177.6562
177.625722
177.625861
177.995028
177.995028
177.262944
177.276667
177.264167
177.262944
177.184639
177.197083
177.190861
177.184639
177.184639
177.47375
177.489583
177.473778
177.47375
177.734556
177.748694
177.734528
177.734556
177.466222
177.477944
177.466222
177.466222
177.04375
177.054528
177.04375
177.04375
177.43875
177.451222
177.438722
177.43875
177.822056
177.835417
177.822056
177.822056
177.158722
177.166694
177.158722
177.158722
177.132944
177.14875
177.134194
177.132944
177.070361
177.087944
177.070361
177.070361
177.638722
177.648778
177.638722
177.638722
177.048778
177.057917
177.049139
177.048778
177.565389
177.574194
177.565833
177.565389
177.459583
177.468694
177.460028
177.459583
177.359583
177.366667
177.359556
177.359583
177.003889
177.002778
177.029722
177.056667
177.081111
177.085833
177.115
177.163611
177.145
177.073056
177.056944
177.005556
177.003889
177.644167
177.684167
177.681944
177.585833
177.540833
177.633611
177.644167
